0000000000000000000000000000000000000000
0000000000000000000000000000000000000000
0000000000000000000000000000000000000000
0000000000000000000000000000000000000000
0000000000000000000000000000000000000000
0000000000000000000010000000000000000000
0000010000000000000000000000000000000000
0000000000000000000000000000000000000000
0000000000000000022222222000000000000000
0000222000000000000000000000000000000000
0000000000000000000000000000000000001000
0000000000000000000000000000000000000000
0000000000000000000000000000000000022200
0000000000000000000000000000000000000000
0000000000000001000000000000000000000000
0000000000000000000000000000000000000000
0000000000000222220000000000000000000000
0000000000000000000000000000000000000000
0000000000000000000000000000000000000000
0000000000000000000000000000000000000000
0001000000000000000000000000000000000000
0022220000000000000000000000000000000000
0000000000000000000000000100000000000000
0000000000000000000000000000000000000000
0000000000000000000000000000000000000000
0000000000000000000000022220000001000000
0000000000000000000000000000000000000000
0000000000000000000000000000000022200000
0000000000000000000000000000000000000000
0000000000000000000000000000000000000000
-
0000000000000000000000000000000000000000
0000000000000000000000000000000000000000
0000000000000000000000000000000000000000
0000000000000000000000000000000000000000
0000000000000000000000000000000000000000
0000000000000000000000000000000000000000
0000000000000000000000000000000000000000
0000000000000000000000000000000000000000
0000000000000000000000000000000000000000
0000000000000000000000000000000000000000
0000000000000000000000000000000000000000
0000000000000000000000000000000000000000
0000000000000000000000000000000000000000
0000000000000000000000000000000000000000
0000000000000000000000000000000000000000
0000000000100000000000000000000000000000
0000000000000000000000000000000000000000
0000000000200000000000000000000000000000
0000000000000000000000000000000000000000
0000000000000000000000000000000000000000
0000000000000000000000000000000000000000
0000000000000000000000000000000000000000
0000000000000000000000000000000000000000
0000000000000000000000000000000000000000
0000000000000000000000000000000000000000
0000000000000000000000000000000000000000
0000000000000000000000000000000000000000
0000000000000000000000000000000000000000
0000000000000000000000000000000000000000
0000000000000000000000000000000000000000
